5
9 9 21 30 32
51

3
40 42 40
82

9
39 19 35 29 19 43 7 12 2
62

2
3 10
13

5
25 44 10 27 22
69

5
16 8 28 37 28
44

6
35 44 19 19 13 13
57

7
36 12 26 41 2 42 37
78

3
40 33 2
42

3
4 2 42
46

5
11 32 14 24 45
38

10
17 13 23 11 12 50 19 19 9 15
59

8
4 42 15 34 38 10 2 16
57

5
10 10 41 22 32
20

6
32 3 36 17 26 5
39

8
16 45 38 10 39 44 40 12
28

4
34 42 41 23
64

8
5 40 37 36 24 4 22 50
87

9
4 13 22 9 8 34 41 49 17
45

2
35 21
56

3
45 6 44
51

6
12 5 29 11 5 5
41

4
47 23 21 50
70

3
15 42 6
57

8
36 29 12 22 32 1 33 33
41

4
32 5 43 39
82

5
43 24 21 29 23
44

8
39 28 26 8 9 29 14 1
23

6
23 8 25 10 30 10
31

11
26 30 33 24 37 6 18 36 3 21 47
84

